123
1234
12345
1234567
123456789
1230
123123
12321
1236
12369
1235789
123654789
123698741
123698745
137
1379
1397
147
1478
14789
147147
14741
147741
147852369
147896321
147896325
147896523
159
159159
159357
15951
159753
159951
1793
0258
0852
258
2580
25852
258258
258852
2846
321478963
321478965
357
357159
357753
369
3690
3698
3690258
36902580
36902580147
369258
3692580
369258147
369369
369852147
36987
369963
456
521
5280
6248
654
741
7410
74108520
74108520963
741236987
741258963
753
7532159
753951
789
7896
78963
789456
789456123
7894561230
789632147
789654123
8426
84562
8520
852456
852654
852852
951
9512357
963214789
963258741
9731
987
9874
987412365
987456123
987654
987654321
9876543210
0123
0147896325
0987
0.124578
0.235689
.0852
.369
.36902580147
#0852*
*123#
*2580#
121212
1245788956230.
24865
454545
52468
787878